0.026565 116
1.614015 12
0.000035 1
0.000018 1
0.000058 1
0.000080 1
0.000039 1
0.000056 1
0.000055 1
0.000055 1
0.000057 1
0.000058 1
0.000057 1
0.000057 1
0.000059 1
0.000058 1
0.000058 1
0.000059 1
0.000060 1
0.000060 1
0.000061 1
0.000066 1
0.000066 1
0.000055 1
0.000063 1
0.000063 1
0.000063 1
0.000064 1
0.000064 1
0.000092 1
0.000077 1
0.000069 1
0.000066 1
0.000067 1
0.000067 1
0.000067 1
0.000068 1
0.000068 1
0.000068 1
0.000070 1
0.000069 1
0.000071 1
0.000070 1
0.000073 1
0.000072 1
0.000072 1
0.000080 1
0.000078 1
0.000021 1
0.000021 1
0.000021 1
0.000021 1
0.000021 1
0.000021 1
0.000022 1
0.000022 1
0.000021 1
0.000022 1
0.000022 1
0.000023 1
0.000022 1
0.000023 1
0.000024 3
0.000016 3
0.000015 3
0.000015 3
0.000014 3
0.000014 2
0.000013 1
1.228195 2
0.075766 33
1.667260 2
0.299742 55
0.019405 55
0.689974 1
0.103881 1
0.940243 2
0.054019 10
1.414250 2
0.067514 70
1.251962 1
0.095213 1
0.184450 1
0.559892 1
1.328314 4
0.176032 4
0.144027 4
0.584173 1
0.127740 1
0.168076 1
0.248106 1
0.472736 2
0.011116 514
2.628093 1
0.104388 1
0.079534 1
0.143911 1
1.600058 1
0.104175 1
0.247828 1
0.480145 1
0.295705 1
0.136144 1
0.152014 1
0.168071 4
0.577182 2
0.004982 151
4.465882 1
2.647766 1
0.744006 56
1.261670 2
0.327184 91
3.971173 1
2.584652 54
0.019539 40
0.003594 62
2.392467 1
0.063790 1
0.472028 1
0.295913 1
0.904451 1
0.127552 1
0.248239 1
0.271822 1
0.167949 1
0.184178 1
0.944535 1
0.191331 1
0.071994 1
0.480136 1
0.071811 1
0.424140 1
0.159990 1
0.135890 1
0.089780 4
2.134700 1
0.343683 1
0.136079 6
0.872057 1
0.135930 11
0.841180 2
0.009479 29
0.017960 597
0.017526 71
0.001291 6
0.076481 70
3.941026 1
1.877885 1
0.643487 41
0.799045 2
0.022513 62
2.054072 1
1.946653 1
0.769050 25
1.576417 2
0.015200 31
0.080611 14
0.000285 180
0.000585 51
0.000388 325
0.000273 153
0.000330 118
0.000531 135
0.001820 46
0.038280 185
0.000869 46
0.001053 221
0.000431 154
0.000364 196
0.002464 46
0.185144 108
0.000797 139
0.000914 46
0.001407 227
0.000422 157
0.000405 200
0.002229 46
0.012586 110
0.000101 141
0.001158 46
0.029401 387
0.000439 202
0.001680 46
0.135745 137
0.000712 234
0.000868 6
0.000927 1063
0.000421 159
0.002041 158
0.000286 141
0.000366 424
0.000562 777
0.000407 174
0.000455 215
0.001804 46
0.013784 95
0.000459 137
0.001625 46
0.006672 88
0.000560 139
0.000530 133
0.000821 141
0.001012 137
0.001819 46
0.387636 94
0.071967 46
0.067266 94
0.079425 92
0.002743 93
0.003765 135
0.002758 140
0.000943 281
0.002055 273
0.001487 154
0.005976 24
0.001040 180
0.002874 46
0.007247 124
0.000413 119
0.001954 102
0.000478 162
0.000439 192
0.000479 162
0.000455 158
0.000476 192
0.000314 162
0.000831 277
0.000472 73
0.001619 162
0.000519 158
0.000356 192
0.000323 162
0.000380 158
0.000343 192
0.000369 162
0.000370 158
0.000291 119
0.000596 193
0.000459 57
0.000350 156
0.000378 152
0.000273 160
0.000510 150
0.001873 119
0.001102 34
0.000451 183
0.000315 212
0.000292 137
0.000416 213
0.000310 227
0.000292 119
0.000642 215
0.001302 772
0.000211 119
0.000350 213
0.000263 227
0.000249 119
0.000738 211
0.000243 226
0.000281 346
0.000226 225
0.000272 119
0.000351 197
0.000218 219
0.000195 119
0.000381 191
0.000240 216
0.000184 119
0.000314 191
0.000309 217
0.000276 120
0.000318 193
0.000218 218
0.000200 120
0.000335 181
0.000219 212
0.000194 120
0.000341 181
0.000222 212
0.000155 120
0.000445 199
0.000312 221
0.000288 120
0.000329 18
0.000340 183
0.007316 1708
0.001327 4095
0.000018 1189
0.000579 18
0.000294 187
0.000243 215
0.000250 120
0.000478 183
0.000046 211
0.000174 213
0.000192 120
0.000314 203
0.000378 223
0.000219 120
0.000370 211
0.000266 227
0.000218 120
0.000405 209
0.000232 231
0.000210 227
0.000319 236
0.000350 237
0.000222 230
0.000214 226
0.000273 120
0.000587 187
0.000236 220
0.000274 219
0.000244 216
0.000215 225
0.000176 226
0.000243 219
0.000223 217
0.000235 213
0.000213 217
0.000222 221
0.000186 216
0.000208 215
0.000211 120
0.000394 189
0.000242 216
0.000207 120
0.000647 215
0.000242 229
0.000244 120
0.000479 201
0.000251 222
0.000207 299
0.000195 211
0.000191 120
0.000372 201
0.000215 222
0.000184 120
0.000321 211
0.000239 227
0.000199 120
0.000336 179
0.000276 211
0.000205 120
0.000339 189
0.000220 216
0.000207 120
0.000329 189
0.000212 216
0.000207 120
0.000382 203
0.000263 223
0.000189 120
0.000746 18
0.000336 209
0.000339 226
0.000291 120
0.000334 193
0.000214 218
0.000213 120
0.000340 189
0.000290 216
0.000270 120
0.015525 399
0.000313 331
0.000279 227
0.000241 120
0.000431 229
0.001336 785
0.000019 120
0.002238 213
0.000084 228
0.000234 303
0.000211 213
0.000214 335
0.000266 229
0.000165 319
0.000212 221
0.000310 345
0.000189 234
0.000197 323
0.000193 223
0.000515 313
0.000239 218
0.000224 120
0.000383 183
0.000366 213
0.000247 120
0.000341 185
0.000245 214
0.000211 120
0.000363 203
0.000296 223
0.000285 120
0.000396 18
0.000338 191
0.000243 217
0.000201 120
0.000337 193
0.000226 218
0.000208 120
0.000342 181
0.000211 212
0.000210 120
0.000317 187
0.000227 215
0.000208 120
0.000316 203
0.000233 223
0.000320 120
0.000426 225
0.000202 234
0.000218 120
0.000307 201
0.000218 222
0.000208 120
0.000333 197
0.000204 220
0.000247 120
0.000444 18
0.000383 195
0.000296 219
0.000208 120
0.000296 217
0.000241 230
0.000233 120
0.000335 189
0.000200 216
0.000199 120
0.000334 191
0.000211 217
0.000222 120
0.000309 195
0.000218 219
0.000207 120
0.000316 189
0.000256 216
0.000210 120
0.000349 189
0.000347 216
0.000089 120
0.000311 197
0.000287 220
0.000209 120
0.000340 191
0.000214 217
0.001081 630
0.000628 18
0.000327 195
0.000215 220
0.000195 229
0.000223 230
0.000192 221
0.000180 225
0.000197 220
0.000210 219
0.000164 120
0.000349 197
0.000196 220
0.000239 120
0.000421 177
0.000209 210
0.000196 120
0.000375 185
0.000234 214
0.000204 120
0.000352 225
0.000186 234
0.000234 120
0.000325 199
0.000230 223
0.000304 227
0.000174 222
0.000178 221
0.000189 120
0.000318 179
0.006234 3779
0.002361 3147
0.000275 187
0.000220 215
0.000305 120
0.000335 209
0.000226 226
0.000258 120
0.000411 227
0.000279 235
0.000261 120
0.000470 231
0.000233 237
0.000262 120
0.000415 177
0.000288 210
0.000281 120
0.000389 201
0.000239 222
0.000268 120
0.000369 183
0.000245 213
0.012433 4095
0.000412 4095
0.000339 4095
0.001303 4095
0.000020 4095
0.000024 4095
0.000010 4095
0.000010 4095
0.000225 4095
0.000269 4095
0.000320 4095
0.000018 4095
0.001884 4095
0.000338 4095
0.000287 4095
0.000309 4095
0.000019 4095
0.000258 4095
0.000325 4095
0.000022 4095
0.000248 4095
0.000314 4095
0.000019 4095
0.000245 4095
0.000341 4095
0.000018 4095
0.000290 4095
0.000287 4095
0.000317 4095
0.000503 4095
0.000013 4095
0.000495 4095
0.000180 4095
0.000333 1020
0.000275 1658
0.000455 120
0.000351 215
0.000360 1786
0.000271 120
0.000384 193
0.000320 1700
0.000225 120
0.000386 191
0.000301 1692
0.000210 120
0.000336 181
0.000361 1652
0.000195 120
0.000439 203
0.000286 1666
0.000240 120
0.000426 187
0.000288 1676
0.000208 120
0.000327 185
0.000243 1668
0.000215 120
0.000949 18
0.000367 213
0.001727 2113
0.000161 3817
0.000570 331
0.000247 1770
0.013540 4095
0.000222 4095
0.000018 4095
0.000010 4095
0.000017 4095
0.000007 4095
0.000053 4095
0.000023 4095
0.000013 382
0.000079 189
0.000262 1682
0.000215 120
0.000377 211
0.000300 1770
0.000224 120
0.000352 211
0.000286 1770
0.000244 120
0.000345 213
0.000354 1778
0.000215 120
0.000353 211
0.000290 1770
0.000276 120
0.000422 221
0.007974 1930
0.000456 193
0.000367 1698
0.000238 138
0.000379 183
0.000288 1660
0.000227 120
0.000714 18
0.000399 191
0.000296 1692
0.000265 120
0.000388 197
0.000250 1716
0.000215 120
0.000365 201
0.000295 1730
0.000260 120
0.000425 185
0.000342 1668
0.000216 120
0.000371 189
0.000293 1682
0.000246 120
0.000364 211
0.000363 1772
0.000260 120
0.001735 181
0.000360 1650
0.000284 317
0.000293 1714
0.000235 307
0.000279 1676
0.000265 315
0.000277 1708
0.000234 313
0.000250 1700
0.000443 979
0.000271 231
0.000300 230
0.000271 227
0.000229 236
0.000235 237
0.000271 230
0.000254 228
0.000253 224
0.000194 228
0.000204 232
0.000206 227
0.000206 226
0.000199 120
0.000415 213
0.000252 1530
0.007266 4095
0.000046 1040
0.004498 191
0.000353 1692
0.000398 120
0.000511 185
0.000314 1668
0.000233 120
0.000377 195
0.000280 1708
0.000230 120
0.000419 177
0.000279 1636
0.000228 120
0.000396 195
0.000353 1708
0.000264 309
0.000432 1684
0.000850 311
0.000247 1692
0.000249 120
0.000446 187
0.000342 1676
0.000287 120
0.000404 187
0.000327 1676
0.000219 120
0.000443 201
0.000336 1732
0.000224 120
0.000390 187
0.000300 1676
0.000220 120
0.000340 397
0.000238 1478
0.000263 617
0.000306 220
0.000197 219
0.000197 120
0.000380 195
0.000293 1708
0.000197 120
0.000390 203
0.000267 1740
0.000217 120
0.000415 197
0.000309 1716
0.000220 120
0.000358 193
0.000644 1700
0.000255 120
0.000395 189
0.000278 1684
0.000245 303
0.000267 1660
0.000231 120
0.000359 183
0.000261 1660
0.000252 120
0.000471 191
0.000286 1692
0.000254 120
0.000383 191
0.000297 1692
0.000241 120
0.000427 189
0.000264 1684
0.000236 120
0.000329 193
0.011463 1820
0.000488 179
0.000272 1644
0.000261 120
0.000473 175
0.000336 1628
0.000228 309
0.000388 1684
0.000211 120
0.000390 195
0.004775 4095
0.000023 4095
0.000007 3790
0.000325 1842
0.000255 120
0.000391 207
0.000365 1756
0.000302 120
0.000356 219
0.000314 1804
0.006663 4095
0.000064 4095
0.000031 4095
0.000029 1909
0.000228 1708
0.000315 313
0.000284 1700
0.000283 120
0.000398 183
0.000284 1660
0.000225 120
0.000351 195
0.000289 1708
0.000233 120
0.000348 187
0.000309 1676
0.000238 120
0.000296 191
0.000318 1692
0.000214 120
0.000378 189
0.000306 1682
0.000214 120
0.000317 181
0.000286 1652
0.000211 120
0.000370 195
0.000292 1708
0.000211 120
0.000328 179
0.000260 1644
0.000211 120
0.000356 394
0.000271 1471
0.000225 614
0.000197 219
0.000223 218
0.000163 120
0.000377 183
0.000213 1437
0.000250 599
0.000195 214
0.000211 213
0.000162 120
0.000349 181
0.000327 1652
0.000212 120
0.000374 185
0.000303 1668
0.000190 120
0.000363 191
0.000255 1692
0.000254 120
0.000369 185
0.000259 1668
0.000247 313
0.000243 1700
0.000204 120
0.000337 185
0.000726 1668
0.000239 120
0.000443 18
0.000398 183
0.000301 1658
0.000230 120
0.000313 177
0.000332 1420
0.000266 208
0.000243 407
0.000215 211
0.000193 210
0.000211 120
0.000402 189
0.008831 1999
0.000366 1706
0.000244 120
0.000673 179
0.006474 4095
0.000029 4095
0.000008 2159
0.000158 2153
0.000213 195
0.000292 1708
0.000226 120
0.000354 185
0.000264 1668
0.000211 120
0.000488 205
0.000323 1746
0.004340 4095
0.000046 4095
0.000030 2295
0.000296 179
0.000246 1644
0.000213 120
0.000688 181
0.000269 1434
0.000225 411
0.000227 213
0.000236 212
0.000263 120
0.000355 189
0.000255 1684
0.000208 120
0.000369 195
0.000255 1708
0.000214 138
0.000328 191
0.000278 1692
0.000241 120
0.000370 203
0.000591 1738
0.000225 120
0.000364 199
0.000280 1724
0.000222 120
0.000313 187
0.000254 1676
0.000206 120
0.000330 187
0.000248 1676
0.000236 120
0.000575 189
0.000273 1684
0.000241 120
0.000378 201
0.000237 1730
0.000220 120
0.002485 18
0.000473 197
0.000241 1490
0.000236 621
0.000198 221
0.000206 220
0.000190 120
0.000323 185
0.000268 1448
0.000222 603
0.000167 215
0.000219 214
0.000204 120
0.000589 203
0.000282 1511
0.000236 630
0.000200 224
0.000217 223
0.000233 120
0.000647 197
0.000273 1490
0.000235 621
0.000197 221
0.000206 220
0.000161 120
0.000583 203
0.000241 1511
0.000221 630
0.000169 224
0.000255 223
0.000187 120
0.000356 185
0.000266 1668
0.000309 120
0.000603 203
0.000264 1740
0.000228 120
0.000508 245
0.000292 1908
0.000207 120
0.002342 191
0.000298 1692
0.000266 323
0.000296 1740
0.000216 120
0.000354 195
0.000284 1483
0.000245 618
0.000216 220
0.000213 219
0.000390 120
0.003816 2939
0.000515 219
0.013051 1804
0.000343 317
0.000425 1716
0.001004 323
0.000294 1740
0.000280 319
0.000286 1722
0.000513 120
0.000403 197
0.000282 1490
0.000248 621
0.000221 221
0.000207 220
0.000197 120
0.000517 241
0.000322 1891
0.000224 306
0.000253 1675
0.000280 304
0.000431 1667
0.000223 320
0.000231 1503
0.000235 626
0.000209 222
0.000194 221
0.000248 312
0.000242 1699
0.000357 318
0.000440 1496
0.000243 623
0.000197 221
0.000206 220
0.000175 298
0.000278 1643
0.000231 324
0.000229 1517
0.000223 632
0.000206 224
0.000219 223
0.000236 312
0.000219 1475
0.000195 614
0.000227 218
0.000254 217
0.000210 308
0.000257 1683
0.000241 298
0.000272 1643
0.000239 478
0.000252 1643
0.000226 314
0.000244 1482
0.000217 617
0.000197 219
0.000206 218
0.000196 298
0.000266 1643
0.000212 314
0.000248 1482
0.000226 617
0.000208 219
0.000204 218
0.000200 320
0.000251 1731
0.000222 320
0.000233 1731
0.000211 322
0.000233 1739
0.000204 336
0.000280 1559
0.000241 650
0.000195 230
0.000205 229
0.000237 328
0.000277 1763
0.000212 318
0.000248 1723
0.000236 344
0.000219 1825
0.000190 314
0.000239 1482
0.000195 617
0.000235 219
0.000231 218
0.000221 320
0.000219 1503
0.000238 626
0.000209 222
0.000205 221
0.000200 300
0.000249 1649
0.000250 322
0.000229 1510
0.000221 629
0.000194 223
0.000222 222
0.000225 314
0.000255 1707
0.000217 316
0.000229 1489
0.000494 620
0.000215 220
0.000209 219
0.000225 316
0.000478 1715
0.000184 304
0.000255 1667
0.000231 322
0.000248 1739
0.000214 300
0.000214 1651
0.000204 318
0.000234 1496
0.000216 623
0.000195 221
0.000181 220
0.000194 310
0.008417 2009
0.000400 1496
0.000310 623
0.000266 221
0.000281 220
0.000251 300
0.000266 1649
0.000292 318
0.000238 1723
0.000234 310
0.000258 1468
0.000225 611
0.000224 217
0.000242 216
0.000225 314
0.000261 1707
0.000237 312
0.000681 1475
0.000267 614
0.000281 218
0.000264 217
0.000269 312
0.000261 1697
0.000217 318
0.000253 1496
0.000228 623
0.000863 2420
0.000337 310
0.000242 1468
0.000268 611
0.000251 217
0.000357 216
0.000271 310
0.000242 1468
0.000234 611
0.000238 217
0.000213 216
0.000237 326
0.000241 1755
0.000192 328
0.000265 1531
0.000208 638
0.000210 226
0.000184 225
0.000202 334
0.000251 1715
0.000210 340
0.000213 1739
0.000187 300
0.000247 1649
0.000213 304
0.000241 1667
0.000194 308
0.000214 1681
0.000186 300
0.000299 216
0.000192 215
0.000175 212
0.000180 221
0.000147 222
0.000216 215
0.000211 213
0.000189 209
0.000153 213
0.000215 217
0.000224 212
0.000187 211
0.000150 314
0.000288 1707
0.000228 310
0.000248 1691
0.000185 306
0.000245 1673
0.000220 324
0.000221 1673
0.000189 304
0.000247 1667
0.000397 312
0.000278 1699
0.000219 296
0.000271 1635
0.000208 320
0.000275 1729
0.000297 312
0.000486 1699
0.000237 326
0.000258 1755
0.000215 302
0.000236 1659
0.000228 318
0.000243 1723
0.000224 342
0.000242 1817
0.000224 324
0.000242 1747
0.000240 302
0.000285 1659
0.000281 302
0.000267 1657
0.000214 302
0.000281 1657
0.000280 316
0.000224 1643
0.000215 322
0.000258 1739
0.000231 296
0.006645 1933
0.000363 1649
0.000297 302
0.000316 1659
0.000248 318
0.000322 1651
0.000238 314
0.000247 1705
0.000219 324
0.000285 1675
0.000211 316
0.000235 1713
0.000215 316
0.000263 1643
0.000266 314
0.000272 1707
0.000227 322
0.000550 1667
0.000214 308
0.000291 1681
0.000246 294
0.000280 1627
0.000244 360
0.000262 1819
0.000208 330
0.000216 1771
0.000190 314
0.000213 1705
0.000230 317
0.000215 1650
0.000204 170
0.000207 146
0.000230 132
0.003393 747
0.001451 177
0.001458 217
0.001404 46
0.003230 84
0.000658 442
0.000726 131
0.000246 153
0.000977 145
0.001264 142
0.000690 144
0.002043 46
0.007772 314
0.000588 46
0.000710 98
0.000510 144
0.001088 46
0.000693 93
0.001155 46
0.000840 105
0.001314 46
0.004147 129
0.000673 2105
0.004398 181
3.923304 1
1.854231 1
0.713973 108
1.070775 64
1.614929 1
2.417154 1
0.592619 37
0.895020 2
0.239753 62
4.231620 1
0.095667 1
0.335658 1
0.344640 1
0.151624 1
0.143777 1
0.528193 4
0.159608 4
0.135972 4
0.168271 4
0.144063 4
0.161093 4
0.142993 1
0.199790 1
0.064047 1
0.263995 1
0.063984 1
0.216151 1
0.103878 1
0.047816 1
0.256525 1
0.103956 1
0.255672 1
0.064076 1
0.231949 1
1.664029 1
0.087925 1
0.457323 2
0.003023 625
2.067989 1
0.104863 1
0.279119 1
0.191915 1
0.159961 1
0.119857 1
0.233175 2
0.421506 89
0.000322 116
3.048612 1
1.351579 1
2.799316 1
1.543973 1
1.223932 1
1.392113 1
1.384172 1
1.223815 1
1.168052 1
1.184017 1
1.207798 1
1.200212 1
2.217512 120
0.326943 90
0.800889 2
0.153637 33
1.069613 2
0.371722 55
0.053674 24
0.000669 31
1.198842 1
0.080109 1
0.314264 2
0.025110 10
1.941187 2
0.045090 70
2.650339 1
0.103715 1
0.072310 1
0.247922 1
0.136025 1
1.282155 2
0.012506 630
2.569331 1
0.168165 1
0.087786 1
0.345055 2
0.019139 422
4.566365 1
2.816737 1
0.790668 29
1.454536 2
0.070909 85
1.808855 1
0.672644 48
0.293906 34
0.008586 62
2.240908 1
0.063663 1
0.328083 1
0.063958 1
0.455898 1
0.128337 1
0.223943 1
0.255879 1
0.199754 1
1.152498 1
0.407481 1
0.104238 1
0.072001 1
0.216008 1
0.111971 1
0.319760 1
0.152359 1
0.096008 1
0.128584 4
1.383462 1
0.112195 1
0.447742 1
0.344705 5
1.079303 1
0.094671 4
0.706886 2
0.292046 29
0.016509 624
0.040510 75
0.012317 10
0.039738 70
1.985384 1
2.621335 1
0.705023 34
1.382651 2
0.024537 62
2.142825 1
2.248968 1
0.778146 26
1.965538 2
0.014597 31
0.003314 4
0.003540 167
0.000746 376
0.003871 158
1.125912 1
0.102991 1
0.087950 1
0.098761 1
0.357019 1
0.073093 1
0.111045 1
0.328974 2
0.004718 115
11.803185 1
2.136466 1
0.700048 102
0.866741 38
0.263529 26
2.759573 1
1.319575 1
0.576484 30
0.571732 2
0.034507 62
0.738563 1
0.088002 1
0.287034 1
0.071818 1
0.095667 1
0.072066 1
0.176359 1
0.143933 1
0.778683 2
0.006433 62
0.847574 1
0.072187 1
0.103811 1
0.176441 1
0.103762 1
0.296373 2
0.014035 691
2.985415 1
0.096008 1
0.088623 1
0.095877 1
0.239729 1
0.127831 1
0.079889 1
0.088605 1
0.639004 4
0.160767 4
0.167836 4
0.159868 4
0.144311 4
0.559215 1
0.344975 1
0.111460 1
0.064085 1
0.136062 1
0.273385 2
0.005244 115
2.474422 1
2.386426 1
0.748593 57
1.928672 2
0.325110 149
1.669278 1
2.057546 1
0.718752 58
1.315618 2
0.058074 149
1.792638 1
1.964803 1
0.852837 58
0.621171 2
0.036228 149
1.933790 1
1.189094 1
0.663693 21
0.561480 2
0.006866 671
3.067549 1
2.230131 1
0.713544 54
4.037546 2
0.123173 39
0.014704 62
3.446479 1
4.721577 1
0.687372 29
0.752283 2
0.017691 62
2.989764 1
2.887296 1
0.718771 1
0.111275 1
0.103959 1
0.168269 1
0.255623 1
0.281076 1
0.080103 1
0.120291 1
0.192039 1
0.712533 1
0.111321 1
0.472260 6
0.440326 2
0.004411 86
1.645010 30
1.511233 2
0.025964 62
3.829713 1
1.510512 1
0.701241 34
3.924187 2
0.338047 47
0.074512 32
15.004493 62
1.614345 1
0.191972 1
0.143887 1
0.231913 1
0.632404 1
0.095382 1
0.064426 1
0.183806 1
0.079866 1
0.248129 1
0.079665 1
0.449133 6
0.415847 2
0.004384 62
5.538878 1
0.087850 1
0.280218 1
0.063991 1
0.120683 1
0.055022 1
0.192385 1
0.152015 1
0.448624 2
0.007099 62
0.744614 8
0.184132 25
0.719865 2
0.007956 97
2.287604 1
0.280077 1
0.119097 1
0.168817 1
1.962266 55
0.622210 1
0.254840 1
0.144612 1
0.144209 1
0.288321 10
0.007968 37
0.000967 116
0.765682 1
0.431962 1
0.135828 1
0.159992 1
0.321279 8
